{
  "DeepSeek V3.2": {
    "accuracy": {
      "by_format": {
        "table": {
          "accuracy": 0.9733,
          "n": 1684,
          "correct": 1639,
          "ci_lo": 0.9644,
          "ci_hi": 0.98
        },
        "chart_text": {
          "accuracy": 0.8872,
          "n": 1693,
          "correct": 1502,
          "ci_lo": 0.8712,
          "ci_hi": 0.9014
        },
        "graph": {
          "accuracy": 0.9793,
          "n": 1694,
          "correct": 1659,
          "ci_lo": 0.9714,
          "ci_hi": 0.9851
        },
        "timeseries": {
          "accuracy": 0.9689,
          "n": 1673,
          "correct": 1621,
          "ci_lo": 0.9595,
          "ci_hi": 0.9762
        }
      },
      "by_qtype": {
        "Q1_lookup": {
          "accuracy": 0.98,
          "n": 999
        },
        "Q2_comparison": {
          "accuracy": 0.967,
          "n": 999
        },
        "Q3_aggregation": {
          "accuracy": 0.9446,
          "n": 992
        },
        "Q4_trend": {
          "accuracy": 1.0,
          "n": 1000
        },
        "Q5_extremum": {
          "accuracy": 0.9629,
          "n": 998
        },
        "Q6_multi_hop": {
          "accuracy": 0.9844,
          "n": 896
        },
        "Q7_conditional_aggregation": {
          "accuracy": 0.8093,
          "n": 860
        }
      },
      "by_format_qtype": {
        "table_Q1_lookup": 0.996,
        "table_Q2_comparison": 0.996,
        "table_Q3_aggregation": 0.9719,
        "table_Q4_trend": 1.0,
        "table_Q5_extremum": 0.98,
        "table_Q6_multi_hop": 1.0,
        "table_Q7_conditional_aggregation": 0.8531,
        "chart_text_Q1_lookup": 0.9277,
        "chart_text_Q2_comparison": 0.8835,
        "chart_text_Q3_aggregation": 0.8279,
        "chart_text_Q4_trend": 1.0,
        "chart_text_Q5_extremum": 0.904,
        "chart_text_Q6_multi_hop": 0.9375,
        "chart_text_Q7_conditional_aggregation": 0.7181,
        "graph_Q1_lookup": 0.996,
        "graph_Q2_comparison": 0.992,
        "graph_Q3_aggregation": 0.988,
        "graph_Q4_trend": 1.0,
        "graph_Q5_extremum": 0.988,
        "graph_Q6_multi_hop": 1.0,
        "graph_Q7_conditional_aggregation": 0.8829,
        "timeseries_Q1_lookup": 1.0,
        "timeseries_Q2_comparison": 0.996,
        "timeseries_Q3_aggregation": 0.988,
        "timeseries_Q4_trend": 1.0,
        "timeseries_Q5_extremum": 0.9799,
        "timeseries_Q6_multi_hop": 1.0,
        "timeseries_Q7_conditional_aggregation": 0.785
      }
    },
    "correlation_all": {
      "tetrachoric": [
        [
          1.0,
          0.4129326191842474,
          0.6435653301637551,
          0.7658254476412264
        ],
        [
          0.4129326191842474,
          1.0,
          0.5970914434269692,
          0.5320675603420632
        ],
        [
          0.6435653301637551,
          0.5970914434269692,
          1.0,
          0.7684118828266144
        ],
        [
          0.7658254476412264,
          0.5320675603420632,
          0.7684118828266144,
          1.0
        ]
      ],
      "phi": [
        [
          1.0,
          0.13588210080414154,
          0.24599870317247818,
          0.37518860939470144
        ],
        [
          0.13588210080414154,
          1.0,
          0.21554467556379053,
          0.19875106442115723
        ],
        [
          0.24599870317247818,
          0.21554467556379053,
          1.0,
          0.3674351328827533
        ],
        [
          0.37518860939470144,
          0.19875106442115723,
          0.3674351328827533,
          1.0
        ]
      ],
      "kendall_tau": [
        [
          1.0,
          0.13588210080414154,
          0.2459987031724781,
          0.3751886093947013
        ],
        [
          0.13588210080414154,
          1.0,
          0.21554467556379053,
          0.1987510644211572
        ],
        [
          0.2459987031724781,
          0.21554467556379053,
          1.0,
          0.3674351328827532
        ],
        [
          0.3751886093947013,
          0.1987510644211572,
          0.3674351328827532,
          1.0
        ]
      ],
      "bootstrap_ci": {
        "table_vs_chart_text": {
          "lo": 0.21378411108789785,
          "hi": 0.5708392108524999,
          "r": 0.4129326191842474
        },
        "table_vs_graph": {
          "lo": 0.3817477862497705,
          "hi": 0.7842187047128026,
          "r": 0.6435653301637551
        },
        "table_vs_timeseries": {
          "lo": 0.6071803953426068,
          "hi": 0.8675116681276287,
          "r": 0.7658254476412264
        },
        "chart_text_vs_graph": {
          "lo": 0.4250498165510405,
          "hi": 0.7302048127137792,
          "r": 0.5970914434269692
        },
        "chart_text_vs_timeseries": {
          "lo": 0.3665125145051273,
          "hi": 0.670361474823802,
          "r": 0.5320675603420632
        },
        "graph_vs_timeseries": {
          "lo": 0.5958451185007694,
          "hi": 0.8785051232818006,
          "r": 0.7684118828266144
        }
      },
      "formats": [
        "table",
        "chart_text",
        "graph",
        "timeseries"
      ]
    },
    "correlation_basic": {
      "tetrachoric": [
        [
          1.0,
          0.4748720478793383,
          0.7435442168220041,
          0.8656194213704095
        ],
        [
          0.4748720478793383,
          1.0,
          0.6640261103802354,
          0.528556026433704
        ],
        [
          0.7435442168220041,
          0.6640261103802354,
          1.0,
          0.7994258403550257
        ],
        [
          0.8656194213704095,
          0.528556026433704,
          0.7994258403550257,
          1.0
        ]
      ],
      "phi": [
        [
          1.0,
          0.13409141905334016,
          0.2883831837867685,
          0.4575792945914038
        ],
        [
          0.13409141905334016,
          1.0,
          0.1864046541832763,
          0.1395501749539241
        ],
        [
          0.2883831837867685,
          0.1864046541832763,
          1.0,
          0.34909626000156607
        ],
        [
          0.4575792945914038,
          0.1395501749539241,
          0.34909626000156607,
          1.0
        ]
      ],
      "kendall_tau": [
        [
          1.0,
          0.13409141905334018,
          0.28838318378676847,
          0.4575792945914038
        ],
        [
          0.13409141905334018,
          1.0,
          0.18640465418327637,
          0.1395501749539241
        ],
        [
          0.28838318378676847,
          0.18640465418327637,
          1.0,
          0.34909626000156607
        ],
        [
          0.4575792945914038,
          0.1395501749539241,
          0.34909626000156607,
          1.0
        ]
      ],
      "bootstrap_ci": {
        "table_vs_chart_text": {
          "lo": 0.17301752933878248,
          "hi": 0.6833036755928292,
          "r": 0.4748720478793383
        },
        "table_vs_graph": {
          "lo": -0.7871240909239031,
          "hi": 0.9158826946032699,
          "r": 0.7435442168220041
        },
        "table_vs_timeseries": {
          "lo": 0.601349046410757,
          "hi": 0.9680855078115683,
          "r": 0.8656194213704095
        },
        "chart_text_vs_graph": {
          "lo": 0.35530836023820384,
          "hi": 0.9869457612842392,
          "r": 0.6640261103802354
        },
        "chart_text_vs_timeseries": {
          "lo": 0.17691443172851343,
          "hi": 0.7507617917288588,
          "r": 0.528556026433704
        },
        "graph_vs_timeseries": {
          "lo": -0.771886288614361,
          "hi": 0.95115998517226,
          "r": 0.7994258403550257
        }
      },
      "formats": [
        "table",
        "chart_text",
        "graph",
        "timeseries"
      ]
    },
    "correlation_hard": {
      "tetrachoric": [
        [
          1.0,
          0.34482686779905747,
          0.491679357545316,
          0.635499273638671
        ],
        [
          0.34482686779905747,
          1.0,
          0.5793812050032412,
          0.5607130446268129
        ],
        [
          0.491679357545316,
          0.5793812050032412,
          1.0,
          0.6823402748350377
        ],
        [
          0.635499273638671,
          0.5607130446268129,
          0.6823402748350377,
          1.0
        ]
      ],
      "phi": [
        [
          1.0,
          0.14101901870444167,
          0.2022233293471319,
          0.3188707421635951
        ],
        [
          0.14101901870444167,
          1.0,
          0.2728029567714067,
          0.2831943571176437
        ],
        [
          0.2022233293471319,
          0.2728029567714067,
          1.0,
          0.3517884658613758
        ],
        [
          0.3188707421635951,
          0.2831943571176437,
          0.3517884658613758,
          1.0
        ]
      ],
      "kendall_tau": [
        [
          1.0,
          0.14101901870444156,
          0.2022233293471322,
          0.3188707421635952
        ],
        [
          0.14101901870444156,
          1.0,
          0.2728029567714067,
          0.28319435711764385
        ],
        [
          0.2022233293471322,
          0.2728029567714067,
          1.0,
          0.3517884658613762
        ],
        [
          0.3188707421635952,
          0.28319435711764385,
          0.3517884658613762,
          1.0
        ]
      ],
      "bootstrap_ci": {
        "table_vs_chart_text": {
          "lo": 0.008028808694531174,
          "hi": 0.5793856672745406,
          "r": 0.34482686779905747
        },
        "table_vs_graph": {
          "lo": 0.0938442881771173,
          "hi": 0.7213223183372863,
          "r": 0.491679357545316
        },
        "table_vs_timeseries": {
          "lo": 0.3508694816549554,
          "hi": 0.8081511274766867,
          "r": 0.635499273638671
        },
        "chart_text_vs_graph": {
          "lo": 0.3219519658669953,
          "hi": 0.7735134525991813,
          "r": 0.5793812050032412
        },
        "chart_text_vs_timeseries": {
          "lo": 0.3304494025140391,
          "hi": 0.7303083575065954,
          "r": 0.5607130446268129
        },
        "graph_vs_timeseries": {
          "lo": 0.43150936727200306,
          "hi": 0.8460231477204954,
          "r": 0.6823402748350377
        }
      },
      "formats": [
        "table",
        "chart_text",
        "graph",
        "timeseries"
      ]
    },
    "tier_accuracy": {
      "small": {
        "table": 0.9873,
        "chart_text": 0.9854,
        "graph": 0.9891,
        "timeseries": 0.9891
      },
      "medium": {
        "table": 0.9852,
        "chart_text": 0.8351,
        "graph": 0.9883,
        "timeseries": 0.9791
      },
      "large": {
        "table": 0.9389,
        "chart_text": 0.848,
        "graph": 0.9543,
        "timeseries": 0.9297
      }
    },
    "n_questions": 1623,
    "has_vision": false
  },
  "MiniMax M2.5": {
    "accuracy": {
      "by_format": {
        "table": {
          "accuracy": 0.9576,
          "n": 1723,
          "correct": 1650,
          "ci_lo": 0.9471,
          "ci_hi": 0.9662
        },
        "chart_text": {
          "accuracy": 0.8722,
          "n": 1722,
          "correct": 1502,
          "ci_lo": 0.8556,
          "ci_hi": 0.8872
        },
        "graph": {
          "accuracy": 0.9629,
          "n": 1724,
          "correct": 1660,
          "ci_lo": 0.9529,
          "ci_hi": 0.9708
        },
        "timeseries": {
          "accuracy": 0.9478,
          "n": 1724,
          "correct": 1634,
          "ci_lo": 0.9363,
          "ci_hi": 0.9573
        }
      },
      "by_qtype": {
        "Q1_lookup": {
          "accuracy": 0.981,
          "n": 1000
        },
        "Q2_comparison": {
          "accuracy": 0.955,
          "n": 1000
        },
        "Q3_aggregation": {
          "accuracy": 0.937,
          "n": 1000
        },
        "Q4_trend": {
          "accuracy": 1.0,
          "n": 1000
        },
        "Q5_extremum": {
          "accuracy": 0.913,
          "n": 1000
        },
        "Q6_multi_hop": {
          "accuracy": 0.9821,
          "n": 896
        },
        "Q7_conditional_aggregation": {
          "accuracy": 0.7823,
          "n": 997
        }
      },
      "by_format_qtype": {
        "table_Q1_lookup": 0.996,
        "table_Q2_comparison": 0.972,
        "table_Q3_aggregation": 0.976,
        "table_Q4_trend": 1.0,
        "table_Q5_extremum": 0.964,
        "table_Q6_multi_hop": 1.0,
        "table_Q7_conditional_aggregation": 0.7992,
        "chart_text_Q1_lookup": 0.928,
        "chart_text_Q2_comparison": 0.876,
        "chart_text_Q3_aggregation": 0.824,
        "chart_text_Q4_trend": 1.0,
        "chart_text_Q5_extremum": 0.856,
        "chart_text_Q6_multi_hop": 0.9286,
        "chart_text_Q7_conditional_aggregation": 0.6976,
        "graph_Q1_lookup": 1.0,
        "graph_Q2_comparison": 0.996,
        "graph_Q3_aggregation": 0.968,
        "graph_Q4_trend": 1.0,
        "graph_Q5_extremum": 0.944,
        "graph_Q6_multi_hop": 1.0,
        "graph_Q7_conditional_aggregation": 0.836,
        "timeseries_Q1_lookup": 1.0,
        "timeseries_Q2_comparison": 0.976,
        "timeseries_Q3_aggregation": 0.98,
        "timeseries_Q4_trend": 1.0,
        "timeseries_Q5_extremum": 0.888,
        "timeseries_Q6_multi_hop": 1.0,
        "timeseries_Q7_conditional_aggregation": 0.796
      }
    },
    "correlation_all": {
      "tetrachoric": [
        [
          1.0,
          0.5554666458426059,
          0.7154058931335271,
          0.751544025845298
        ],
        [
          0.5554666458426059,
          1.0,
          0.5436283633020963,
          0.5854135961675826
        ],
        [
          0.7154058931335271,
          0.5436283633020963,
          1.0,
          0.7670167458052819
        ],
        [
          0.751544025845298,
          0.5854135961675826,
          0.7670167458052819,
          1.0
        ]
      ],
      "phi": [
        [
          1.0,
          0.2475368273663425,
          0.35813810096902055,
          0.4065241821066778
        ],
        [
          0.2475368273663425,
          1.0,
          0.23116762551055062,
          0.2799324839272831
        ],
        [
          0.35813810096902055,
          0.23116762551055062,
          1.0,
          0.4155598434357521
        ],
        [
          0.4065241821066778,
          0.2799324839272831,
          0.4155598434357521,
          1.0
        ]
      ],
      "kendall_tau": [
        [
          1.0,
          0.24753682736634253,
          0.3581381009690207,
          0.40652418210667796
        ],
        [
          0.24753682736634253,
          1.0,
          0.2311676255105506,
          0.2799324839272831
        ],
        [
          0.3581381009690207,
          0.2311676255105506,
          1.0,
          0.41555984343575214
        ],
        [
          0.40652418210667796,
          0.2799324839272831,
          0.41555984343575214,
          1.0
        ]
      ],
      "bootstrap_ci": {
        "table_vs_chart_text": {
          "lo": 0.437334343408061,
          "hi": 0.6542506683028708,
          "r": 0.5554666458426059
        },
        "table_vs_graph": {
          "lo": 0.5918700675306678,
          "hi": 0.8066683229088017,
          "r": 0.7154058931335271
        },
        "table_vs_timeseries": {
          "lo": 0.6486123108435732,
          "hi": 0.8314697698297184,
          "r": 0.751544025845298
        },
        "chart_text_vs_graph": {
          "lo": 0.4171814846359429,
          "hi": 0.6529913148603448,
          "r": 0.5436283633020963
        },
        "chart_text_vs_timeseries": {
          "lo": 0.47833238793128663,
          "hi": 0.6762065662171873,
          "r": 0.5854135961675826
        },
        "graph_vs_timeseries": {
          "lo": 0.666863172063244,
          "hi": 0.8446253505565889,
          "r": 0.7670167458052819
        }
      },
      "formats": [
        "table",
        "chart_text",
        "graph",
        "timeseries"
      ]
    },
    "correlation_basic": {
      "tetrachoric": [
        [
          1.0,
          0.41204626274788525,
          0.5178671437549414,
          0.58732185990966
        ],
        [
          0.41204626274788525,
          1.0,
          0.45539281265474185,
          0.3503963989475467
        ],
        [
          0.5178671437549414,
          0.45539281265474185,
          1.0,
          0.6337072778994989
        ],
        [
          0.58732185990966,
          0.3503963989475467,
          0.6337072778994989,
          1.0
        ]
      ],
      "phi": [
        [
          1.0,
          0.12965933819067682,
          0.1584281209028737,
          0.21510228457243877
        ],
        [
          0.12965933819067682,
          1.0,
          0.14922642411828108,
          0.12062839778720974
        ],
        [
          0.1584281209028737,
          0.14922642411828108,
          1.0,
          0.24934115579560806
        ],
        [
          0.21510228457243877,
          0.12062839778720974,
          0.24934115579560806,
          1.0
        ]
      ],
      "kendall_tau": [
        [
          1.0,
          0.1296593381906768,
          0.15842812090287373,
          0.21510228457243868
        ],
        [
          0.1296593381906768,
          1.0,
          0.14922642411828105,
          0.12062839778720967
        ],
        [
          0.15842812090287373,
          0.14922642411828105,
          1.0,
          0.24934115579560798
        ],
        [
          0.21510228457243868,
          0.12062839778720967,
          0.24934115579560798,
          1.0
        ]
      ],
      "bootstrap_ci": {
        "table_vs_chart_text": {
          "lo": 0.13914375585480554,
          "hi": 0.5968228883408491,
          "r": 0.41204626274788525
        },
        "table_vs_graph": {
          "lo": 0.13890874362074762,
          "hi": 0.7144217235703519,
          "r": 0.5178671437549414
        },
        "table_vs_timeseries": {
          "lo": 0.33138012115793053,
          "hi": 0.7521363054868239,
          "r": 0.58732185990966
        },
        "chart_text_vs_graph": {
          "lo": 0.21663490813007216,
          "hi": 0.6279644567920161,
          "r": 0.45539281265474185
        },
        "chart_text_vs_timeseries": {
          "lo": 0.15496897372636115,
          "hi": 0.5094494580008048,
          "r": 0.3503963989475467
        },
        "graph_vs_timeseries": {
          "lo": 0.39434003236281717,
          "hi": 0.7821954139767582,
          "r": 0.6337072778994989
        }
      },
      "formats": [
        "table",
        "chart_text",
        "graph",
        "timeseries"
      ]
    },
    "correlation_hard": {
      "tetrachoric": [
        [
          1.0,
          0.602082444513264,
          0.7371186561224671,
          0.7914844741436424
        ],
        [
          0.602082444513264,
          1.0,
          0.5632600887785164,
          0.731689871018744
        ],
        [
          0.7371186561224671,
          0.5632600887785164,
          1.0,
          0.8052254427553743
        ],
        [
          0.7914844741436424,
          0.731689871018744,
          0.8052254427553743,
          1.0
        ]
      ],
      "phi": [
        [
          1.0,
          0.33762310337672113,
          0.43895043362238106,
          0.5077434679334918
        ],
        [
          0.33762310337672113,
          1.0,
          0.2945974172806608,
          0.4423681785927285
        ],
        [
          0.43895043362238106,
          0.2945974172806608,
          1.0,
          0.5131237130661054
        ],
        [
          0.5077434679334918,
          0.4423681785927285,
          0.5131237130661054,
          1.0
        ]
      ],
      "kendall_tau": [
        [
          1.0,
          0.3376231033767209,
          0.43895043362238123,
          0.5077434679334918
        ],
        [
          0.3376231033767209,
          1.0,
          0.29459741728066063,
          0.44236817859272853
        ],
        [
          0.43895043362238123,
          0.29459741728066063,
          1.0,
          0.5131237130661058
        ],
        [
          0.5077434679334918,
          0.44236817859272853,
          0.5131237130661058,
          1.0
        ]
      ],
      "bootstrap_ci": {
        "table_vs_chart_text": {
          "lo": 0.4365932755905473,
          "hi": 0.73300443239962,
          "r": 0.602082444513264
        },
        "table_vs_graph": {
          "lo": 0.5859320398868593,
          "hi": 0.8495311791447259,
          "r": 0.7371186561224671
        },
        "table_vs_timeseries": {
          "lo": 0.6711362415905702,
          "hi": 0.8846159469784031,
          "r": 0.7914844741436424
        },
        "chart_text_vs_graph": {
          "lo": 0.38343459554450027,
          "hi": 0.7111634310926549,
          "r": 0.5632600887785164
        },
        "chart_text_vs_timeseries": {
          "lo": 0.597069399560705,
          "hi": 0.8385069844661546,
          "r": 0.731689871018744
        },
        "graph_vs_timeseries": {
          "lo": 0.6811885156880594,
          "hi": 0.895673119793962,
          "r": 0.8052254427553743
        }
      },
      "formats": [
        "table",
        "chart_text",
        "graph",
        "timeseries"
      ]
    },
    "tier_accuracy": {
      "small": {
        "table": 0.9892,
        "chart_text": 0.9819,
        "graph": 0.9765,
        "timeseries": 0.9747
      },
      "medium": {
        "table": 0.9855,
        "chart_text": 0.8348,
        "graph": 0.9913,
        "timeseries": 0.974
      },
      "large": {
        "table": 0.8808,
        "chart_text": 0.7992,
        "graph": 0.9061,
        "timeseries": 0.8789
      }
    },
    "n_questions": 1721,
    "has_vision": false
  },
  "Kimi K2.5": {
    "accuracy": {
      "by_format": {
        "table": {
          "accuracy": 0.891,
          "n": 1724,
          "correct": 1536,
          "ci_lo": 0.8754,
          "ci_hi": 0.9048
        },
        "chart_text": {
          "accuracy": 0.8161,
          "n": 1724,
          "correct": 1407,
          "ci_lo": 0.7971,
          "ci_hi": 0.8337
        },
        "graph": {
          "accuracy": 0.8875,
          "n": 1724,
          "correct": 1530,
          "ci_lo": 0.8717,
          "ci_hi": 0.9015
        },
        "timeseries": {
          "accuracy": 0.8782,
          "n": 1724,
          "correct": 1514,
          "ci_lo": 0.8619,
          "ci_hi": 0.8928
        },
        "chart_image": {
          "accuracy": 0.319,
          "n": 1724,
          "correct": 550,
          "ci_lo": 0.2974,
          "ci_hi": 0.3414
        }
      },
      "by_qtype": {
        "Q1_lookup": {
          "accuracy": 0.8272,
          "n": 1250
        },
        "Q2_comparison": {
          "accuracy": 0.8944,
          "n": 1250
        },
        "Q3_aggregation": {
          "accuracy": 0.7072,
          "n": 1250
        },
        "Q4_trend": {
          "accuracy": 0.924,
          "n": 1250
        },
        "Q5_extremum": {
          "accuracy": 0.86,
          "n": 1250
        },
        "Q6_multi_hop": {
          "accuracy": 0.8036,
          "n": 1120
        },
        "Q7_conditional_aggregation": {
          "accuracy": 0.2968,
          "n": 1250
        }
      },
      "by_format_qtype": {
        "table_Q1_lookup": 0.996,
        "table_Q2_comparison": 0.992,
        "table_Q3_aggregation": 0.92,
        "table_Q4_trend": 0.98,
        "table_Q5_extremum": 0.96,
        "table_Q6_multi_hop": 0.9955,
        "table_Q7_conditional_aggregation": 0.404,
        "chart_text_Q1_lookup": 0.92,
        "chart_text_Q2_comparison": 0.844,
        "chart_text_Q3_aggregation": 0.728,
        "chart_text_Q4_trend": 0.988,
        "chart_text_Q5_extremum": 0.908,
        "chart_text_Q6_multi_hop": 0.933,
        "chart_text_Q7_conditional_aggregation": 0.404,
        "graph_Q1_lookup": 0.988,
        "graph_Q2_comparison": 0.992,
        "graph_Q3_aggregation": 0.912,
        "graph_Q4_trend": 0.992,
        "graph_Q5_extremum": 0.972,
        "graph_Q6_multi_hop": 1.0,
        "graph_Q7_conditional_aggregation": 0.368,
        "timeseries_Q1_lookup": 0.984,
        "timeseries_Q2_comparison": 0.984,
        "timeseries_Q3_aggregation": 0.944,
        "timeseries_Q4_trend": 0.98,
        "timeseries_Q5_extremum": 0.976,
        "timeseries_Q6_multi_hop": 0.9866,
        "timeseries_Q7_conditional_aggregation": 0.304,
        "chart_image_Q1_lookup": 0.248,
        "chart_image_Q2_comparison": 0.66,
        "chart_image_Q3_aggregation": 0.032,
        "chart_image_Q4_trend": 0.68,
        "chart_image_Q5_extremum": 0.484,
        "chart_image_Q6_multi_hop": 0.1027,
        "chart_image_Q7_conditional_aggregation": 0.004
      }
    },
    "correlation_all": {
      "tetrachoric": [
        [
          1.0,
          0.7339129176704021,
          0.899742597929101,
          0.9041737467009884,
          0.5588366983039129
        ],
        [
          0.7339129176704021,
          1.0,
          0.7021906431040388,
          0.7103167035162521,
          0.44982700872969544
        ],
        [
          0.899742597929101,
          0.7021906431040388,
          1.0,
          0.9148490442978482,
          0.6432803723133923
        ],
        [
          0.9041737467009884,
          0.7103167035162521,
          0.9148490442978482,
          1.0,
          0.6042137520992479
        ],
        [
          0.5588366983039129,
          0.44982700872969544,
          0.6432803723133923,
          0.6042137520992479,
          1.0
        ]
      ],
      "phi": [
        [
          1.0,
          0.4488276708471499,
          0.6586140113796772,
          0.6662637404353433,
          0.2035259964653767
        ],
        [
          0.4488276708471499,
          1.0,
          0.42325597805593485,
          0.4366908068875672,
          0.21244713203910406
        ],
        [
          0.6586140113796772,
          0.42325597805593485,
          1.0,
          0.6867350061533501,
          0.22403634745599793
        ],
        [
          0.6662637404353433,
          0.4366908068875672,
          0.6867350061533501,
          1.0,
          0.2244745637527874
        ],
        [
          0.2035259964653767,
          0.21244713203910406,
          0.22403634745599793,
          0.2244745637527874,
          1.0
        ]
      ],
      "kendall_tau": [
        [
          1.0,
          0.4488276708471499,
          0.6586140113796775,
          0.6662637404353433,
          0.20352599646537675
        ],
        [
          0.4488276708471499,
          1.0,
          0.4232559780559348,
          0.436690806887567,
          0.21244713203910404
        ],
        [
          0.6586140113796775,
          0.4232559780559348,
          1.0,
          0.6867350061533499,
          0.22403634745599801
        ],
        [
          0.6662637404353433,
          0.436690806887567,
          0.6867350061533499,
          1.0,
          0.22447456375278738
        ],
        [
          0.20352599646537675,
          0.21244713203910404,
          0.22403634745599801,
          0.22447456375278738,
          1.0
        ]
      ],
      "bootstrap_ci": {
        "table_vs_chart_text": {
          "lo": 0.6737145874762255,
          "hi": 0.7892515158886763,
          "r": 0.7339129176704021
        },
        "table_vs_graph": {
          "lo": 0.8620235768598952,
          "hi": 0.9303052886174582,
          "r": 0.899742597929101
        },
        "table_vs_timeseries": {
          "lo": 0.8680157237931222,
          "hi": 0.9329448375318171,
          "r": 0.9041737467009884
        },
        "table_vs_chart_image": {
          "lo": 0.4621081421407994,
          "hi": 0.6705167065917598,
          "r": 0.5588366983039129
        },
        "chart_text_vs_graph": {
          "lo": 0.6374199448219217,
          "hi": 0.7640840769409554,
          "r": 0.7021906431040388
        },
        "chart_text_vs_timeseries": {
          "lo": 0.6461718097905291,
          "hi": 0.7704583054097331,
          "r": 0.7103167035162521
        },
        "chart_text_vs_chart_image": {
          "lo": 0.3707409215257811,
          "hi": 0.5323692978216412,
          "r": 0.44982700872969544
        },
        "graph_vs_timeseries": {
          "lo": 0.8845439744582172,
          "hi": 0.940655864919351,
          "r": 0.9148490442978482
        },
        "graph_vs_chart_image": {
          "lo": 0.5547590416587461,
          "hi": 0.7591972924930876,
          "r": 0.6432803723133923
        },
        "timeseries_vs_chart_image": {
          "lo": 0.5114756214716322,
          "hi": 0.7053251716458026,
          "r": 0.6042137520992479
        }
      },
      "formats": [
        "table",
        "chart_text",
        "graph",
        "timeseries",
        "chart_image"
      ]
    },
    "correlation_basic": {
      "tetrachoric": [
        [
          1.0,
          0.6347383261814691,
          0.8270301685768898,
          0.6981012774219706
        ],
        [
          0.6347383261814691,
          1.0,
          0.6117374928475777,
          0.42681400768537087
        ],
        [
          0.8270301685768898,
          0.6117374928475777,
          1.0,
          0.739301878169985
        ],
        [
          0.6981012774219706,
          0.42681400768537087,
          0.739301878169985,
          1.0
        ]
      ],
      "phi": [
        [
          1.0,
          0.27508816803431313,
          0.4710173449105294,
          0.31961781064306727
        ],
        [
          0.27508816803431313,
          1.0,
          0.2567763988892937,
          0.15165367706256622
        ],
        [
          0.4710173449105294,
          0.2567763988892937,
          1.0,
          0.3595172974773341
        ],
        [
          0.31961781064306727,
          0.15165367706256622,
          0.3595172974773341,
          1.0
        ]
      ],
      "kendall_tau": [
        [
          1.0,
          0.2750881680343131,
          0.47101734491052916,
          0.3196178106430672
        ],
        [
          0.2750881680343131,
          1.0,
          0.2567763988892936,
          0.15165367706256622
        ],
        [
          0.47101734491052916,
          0.2567763988892936,
          1.0,
          0.35951729747733396
        ],
        [
          0.3196178106430672,
          0.15165367706256622,
          0.35951729747733396,
          1.0
        ]
      ],
      "bootstrap_ci": {
        "table_vs_chart_text": {
          "lo": 0.49458922814240325,
          "hi": 0.7542273349212867,
          "r": 0.6347383261814691
        },
        "table_vs_graph": {
          "lo": 0.7025334746452973,
          "hi": 0.9103556981372439,
          "r": 0.8270301685768898
        },
        "table_vs_timeseries": {
          "lo": 0.5185745809786345,
          "hi": 0.819591470965936,
          "r": 0.6981012774219706
        },
        "chart_text_vs_graph": {
          "lo": 0.462866728646746,
          "hi": 0.7364623607865997,
          "r": 0.6117374928475777
        },
        "chart_text_vs_timeseries": {
          "lo": 0.22679290234664207,
          "hi": 0.5852524938355281,
          "r": 0.42681400768537087
        },
        "graph_vs_timeseries": {
          "lo": 0.5617410964686229,
          "hi": 0.848286855238348,
          "r": 0.739301878169985
        }
      },
      "formats": [
        "table",
        "chart_text",
        "graph",
        "timeseries"
      ]
    },
    "correlation_hard": {
      "tetrachoric": [
        [
          1.0,
          0.7160625124154402,
          0.8403216720137138,
          0.883943738454444
        ],
        [
          0.7160625124154402,
          1.0,
          0.6665004054195569,
          0.7567313262811582
        ],
        [
          0.8403216720137138,
          0.6665004054195569,
          1.0,
          0.8871198026069587
        ],
        [
          0.883943738454444,
          0.7567313262811582,
          0.8871198026069587,
          1.0
        ]
      ],
      "phi": [
        [
          1.0,
          0.4968275964906449,
          0.6254627916220944,
          0.6750741622818445
        ],
        [
          0.4968275964906449,
          1.0,
          0.45472646778425024,
          0.5387518292137923
        ],
        [
          0.6254627916220944,
          0.45472646778425024,
          1.0,
          0.6846571040391553
        ],
        [
          0.6750741622818445,
          0.5387518292137923,
          0.6846571040391553,
          1.0
        ]
      ],
      "kendall_tau": [
        [
          1.0,
          0.49682759649064473,
          0.6254627916220945,
          0.6750741622818442
        ],
        [
          0.49682759649064473,
          1.0,
          0.4547264677842499,
          0.5387518292137919
        ],
        [
          0.6254627916220945,
          0.4547264677842499,
          1.0,
          0.6846571040391549
        ],
        [
          0.6750741622818442,
          0.5387518292137919,
          0.6846571040391549,
          1.0
        ]
      ],
      "bootstrap_ci": {
        "table_vs_chart_text": {
          "lo": 0.6197313872037945,
          "hi": 0.7999280941126329,
          "r": 0.7160625124154402
        },
        "table_vs_graph": {
          "lo": 0.7717535107474703,
          "hi": 0.8951429079396706,
          "r": 0.8403216720137138
        },
        "table_vs_timeseries": {
          "lo": 0.8247035364871785,
          "hi": 0.9278823490234387,
          "r": 0.883943738454444
        },
        "chart_text_vs_graph": {
          "lo": 0.5601800219382347,
          "hi": 0.7578406676863819,
          "r": 0.6665004054195569
        },
        "chart_text_vs_timeseries": {
          "lo": 0.6707250732311888,
          "hi": 0.8337809586644644,
          "r": 0.7567313262811582
        },
        "graph_vs_timeseries": {
          "lo": 0.8317017214203418,
          "hi": 0.9307872893963084,
          "r": 0.8871198026069587
        }
      },
      "formats": [
        "table",
        "chart_text",
        "graph",
        "timeseries"
      ]
    },
    "tier_accuracy": {
      "small": {
        "table": 0.9549,
        "chart_text": 0.9278,
        "graph": 0.9242,
        "timeseries": 0.9332,
        "chart_image": 0.4567
      },
      "medium": {
        "table": 0.8915,
        "chart_text": 0.767,
        "graph": 0.9059,
        "timeseries": 0.8813,
        "chart_image": 0.3256
      },
      "large": {
        "table": 0.8163,
        "chart_text": 0.7578,
        "graph": 0.8184,
        "timeseries": 0.81,
        "chart_image": 0.1503
      }
    },
    "n_questions": 1724,
    "has_vision": true
  },
  "GLM-5": {
    "accuracy": {
      "by_format": {
        "table": {
          "accuracy": 0.8881,
          "n": 1724,
          "correct": 1531,
          "ci_lo": 0.8723,
          "ci_hi": 0.9021
        },
        "chart_text": {
          "accuracy": 0.8126,
          "n": 1724,
          "correct": 1401,
          "ci_lo": 0.7935,
          "ci_hi": 0.8304
        },
        "graph": {
          "accuracy": 0.8892,
          "n": 1724,
          "correct": 1533,
          "ci_lo": 0.8735,
          "ci_hi": 0.9032
        },
        "timeseries": {
          "accuracy": 0.8875,
          "n": 1724,
          "correct": 1530,
          "ci_lo": 0.8717,
          "ci_hi": 0.9015
        }
      },
      "by_qtype": {
        "Q1_lookup": {
          "accuracy": 0.978,
          "n": 1000
        },
        "Q2_comparison": {
          "accuracy": 0.956,
          "n": 1000
        },
        "Q3_aggregation": {
          "accuracy": 0.783,
          "n": 1000
        },
        "Q4_trend": {
          "accuracy": 0.996,
          "n": 1000
        },
        "Q5_extremum": {
          "accuracy": 0.941,
          "n": 1000
        },
        "Q6_multi_hop": {
          "accuracy": 0.9766,
          "n": 896
        },
        "Q7_conditional_aggregation": {
          "accuracy": 0.466,
          "n": 1000
        }
      },
      "by_format_qtype": {
        "table_Q1_lookup": 0.996,
        "table_Q2_comparison": 1.0,
        "table_Q3_aggregation": 0.816,
        "table_Q4_trend": 1.0,
        "table_Q5_extremum": 0.956,
        "table_Q6_multi_hop": 0.9821,
        "table_Q7_conditional_aggregation": 0.476,
        "chart_text_Q1_lookup": 0.92,
        "chart_text_Q2_comparison": 0.844,
        "chart_text_Q3_aggregation": 0.636,
        "chart_text_Q4_trend": 1.0,
        "chart_text_Q5_extremum": 0.9,
        "chart_text_Q6_multi_hop": 0.933,
        "chart_text_Q7_conditional_aggregation": 0.468,
        "graph_Q1_lookup": 1.0,
        "graph_Q2_comparison": 1.0,
        "graph_Q3_aggregation": 0.832,
        "graph_Q4_trend": 0.992,
        "graph_Q5_extremum": 0.948,
        "graph_Q6_multi_hop": 1.0,
        "graph_Q7_conditional_aggregation": 0.464,
        "timeseries_Q1_lookup": 0.996,
        "timeseries_Q2_comparison": 0.98,
        "timeseries_Q3_aggregation": 0.848,
        "timeseries_Q4_trend": 0.992,
        "timeseries_Q5_extremum": 0.96,
        "timeseries_Q6_multi_hop": 0.9911,
        "timeseries_Q7_conditional_aggregation": 0.456
      }
    },
    "correlation_all": {
      "tetrachoric": [
        [
          1.0,
          0.7506881728166769,
          0.8859980710741328,
          0.862091186832652
        ],
        [
          0.7506881728166769,
          1.0,
          0.7248957102471583,
          0.6899715018087554
        ],
        [
          0.8859980710741328,
          0.7248957102471583,
          1.0,
          0.8691581297612738
        ],
        [
          0.862091186832652,
          0.6899715018087554,
          0.8691581297612738,
          1.0
        ]
      ],
      "phi": [
        [
          1.0,
          0.4659996177404072,
          0.636625529605479,
          0.6012411000336614
        ],
        [
          0.4659996177404072,
          1.0,
          0.44148494094635177,
          0.41232321957769835
        ],
        [
          0.636625529605479,
          0.44148494094635177,
          1.0,
          0.6111504517527647
        ],
        [
          0.6012411000336614,
          0.41232321957769835,
          0.6111504517527647,
          1.0
        ]
      ],
      "kendall_tau": [
        [
          1.0,
          0.46599961774040727,
          0.6366255296054792,
          0.6012411000336614
        ],
        [
          0.46599961774040727,
          1.0,
          0.4414849409463518,
          0.41232321957769846
        ],
        [
          0.6366255296054792,
          0.4414849409463518,
          1.0,
          0.6111504517527647
        ],
        [
          0.6012411000336614,
          0.41232321957769846,
          0.6111504517527647,
          1.0
        ]
      ],
      "bootstrap_ci": {
        "table_vs_chart_text": {
          "lo": 0.6919065986964636,
          "hi": 0.8051982215189626,
          "r": 0.7506881728166769
        },
        "table_vs_graph": {
          "lo": 0.8455235187352504,
          "hi": 0.9196190314536975,
          "r": 0.8859980710741328
        },
        "table_vs_timeseries": {
          "lo": 0.8176903298701806,
          "hi": 0.8998302518336145,
          "r": 0.862091186832652
        },
        "chart_text_vs_graph": {
          "lo": 0.6612974016783594,
          "hi": 0.7812390912432149,
          "r": 0.7248957102471583
        },
        "chart_text_vs_timeseries": {
          "lo": 0.6229812495038302,
          "hi": 0.7516688830723707,
          "r": 0.6899715018087554
        },
        "graph_vs_timeseries": {
